1 0.463858 0.836298 0.484179 0.851844 0.507965 0.864522 0.546013 0.877901 0.594846 0.886207 0.627932 0.887517 0.643278 0.882354 0.614759 0.836922 0.582344 0.808958 0.524545 0.772359 0.480776 0.757145 0.455918 0.758961 0.449505 0.766505 0.448140 0.802539 0.463858 0.836298
3 0.887181 0.642799 0.901813 0.636914 0.905540 0.629174 0.887181 0.642799
3 0.570429 0.425645 0.580721 0.435768 0.581639 0.423365 0.570429 0.425645
3 0.836999 0.617517 0.847903 0.619372 0.843508 0.593504 0.833550 0.600184 0.836999 0.617517
3 0.894912 0.367790 0.900378 0.379188 0.911436 0.378974 0.912354 0.366570 0.900809 0.352047 0.894912 0.367790
3 0.786024 0.581634 0.760127 0.547923 0.761129 0.598333 0.777860 0.649327 0.812368 0.715902 0.816401 0.704029 0.786024 0.581634
3 0.696396 0.172839 0.709469 0.166689 0.711333 0.162819 0.710081 0.158419 0.700734 0.156831 0.691082 0.159375 0.685950 0.164783 0.685644 0.168917 0.687049 0.171250 0.696396 0.172839
3 0.668829 0.289565 0.660123 0.300645 0.659970 0.302712 0.672432 0.304832 0.674143 0.303030 0.686604 0.305148 0.689873 0.303612 0.695005 0.298204 0.695312 0.294069 0.693906 0.291737 0.690944 0.289139 0.678482 0.287021 0.676771 0.288823 0.672098 0.288029 0.668829 0.289565
1 0.436473 0.214789 0.412719 0.228714 0.401512 0.236434 0.384497 0.257280 0.375188 0.291626 0.376215 0.310410 0.410295 0.307223 0.434564 0.286327 0.459703 0.273277 0.481320 0.268615 0.486433 0.271408 0.514598 0.237059 0.516977 0.231047 0.524169 0.218796 0.514696 0.203069 0.487950 0.192104 0.460508 0.197061 0.447924 0.210320 0.436473 0.214789
0 0.713600 0.110871 0.588368 0.097945 0.535585 0.107809 0.478157 0.137815 0.439117 0.175135 0.394819 0.240870 0.337531 0.375568 0.321272 0.446070 0.322455 0.515352 0.343486 0.636158 0.356950 0.688688 0.388036 0.758868 0.416438 0.801379 0.459317 0.840073 0.569792 0.881889 0.690351 0.894020 0.743439 0.880022 0.817668 0.836126 0.860283 0.793133 0.893858 0.744415 0.932996 0.663151 0.953928 0.593444 0.965331 0.503276 0.961798 0.423128 0.948946 0.362327 0.923633 0.299408 0.875717 0.222178 0.834701 0.179615 0.767050 0.134615 0.713600 0.110871
