3 0.393502 0.477956 0.365975 0.509654 0.358467 0.539684 0.341576 0.593900 0.334695 0.627267 0.346581 0.599740 0.323435 0.668139 0.304041 0.696500 0.277141 0.702337 0.282771 0.724025 0.309045 0.713181 0.327188 0.683987 0.339700 0.633104 0.358467 0.576383 0.366600 0.547190 0.377236 0.519663 0.403511 0.477122 0.422904 0.458771 0.435416 0.437086 0.434791 0.397882 0.424154 0.370354 0.416023 0.357841 0.414146 0.362013 0.414146 0.382031 0.421653 0.383701 0.407891 0.443758 0.393502 0.477956
2 0.459375 0.450000 0.506250 0.525000 0.573438 0.577083 0.582812 0.568750 0.620313 0.566667 0.625000 0.554167 0.651563 0.539583 0.675000 0.510417 0.692187 0.466667 0.689063 0.441667 0.642188 0.377083 0.637500 0.389583 0.626563 0.389583 0.629687 0.416667 0.617188 0.429167 0.584375 0.414583 0.581250 0.402083 0.568750 0.391667 0.567187 0.370833 0.575000 0.341667 0.568750 0.335417 0.532813 0.347917 0.514062 0.368750 0.473438 0.375000 0.471875 0.385417 0.456250 0.385417 0.456250 0.377083 0.448437 0.383333 0.446875 0.412500 0.459375 0.450000
3 0.459814 0.459607 0.472326 0.481294 0.492972 0.502146 0.506109 0.537180 0.531758 0.606413 0.536763 0.618924 0.539266 0.596404 0.523625 0.568044 0.520497 0.562204 0.512364 0.534677 0.507359 0.513826 0.495474 0.490469 0.477331 0.461275 0.461065 0.442923 0.449805 0.415398 0.451057 0.402885 0.455436 0.396212 0.450432 0.370354 0.442299 0.365350 0.444175 0.382031 0.449180 0.443758 0.459814 0.459607
3 0.538641 0.622263 0.534886 0.639779 0.539266 0.676479 0.536138 0.695664 0.531758 0.709846 0.537389 0.728195 0.544271 0.749049 0.547398 0.776576 0.549900 0.796596 0.554904 0.797430 0.551151 0.769902 0.557408 0.749883 0.545521 0.727362 0.539891 0.716518 0.541143 0.694831 0.548023 0.675646 0.548650 0.656461 0.543646 0.644784 0.547398 0.614754 0.552403 0.592233 0.554279 0.570546 0.551778 0.559702 0.545521 0.596404 0.538641 0.622263
3 0.730073 0.556365 0.740083 0.574716 0.749467 0.592233 0.755097 0.595569 0.760727 0.598070 0.758225 0.563872 0.751969 0.525503 0.748216 0.503815 0.741334 0.495473 0.745088 0.550527 0.745713 0.558034 0.733826 0.542185 0.711932 0.523000 0.695666 0.515493 0.695039 0.516327 0.692537 0.518829 0.716310 0.543854 0.730073 0.556365
3 0.608706 0.888350 0.609333 0.895857 0.615589 0.893354 0.620594 0.880008 0.624347 0.874169 0.649370 0.862492 0.678148 0.845809 0.698167 0.820785 0.710053 0.834132 0.720689 0.854150 0.740708 0.859154 0.735703 0.853316 0.718812 0.826622 0.706925 0.814112 0.683778 0.807437 0.671268 0.816615 0.657503 0.832462 0.630604 0.849146 0.599948 0.863326 0.574925 0.881677 0.577427 0.882510 0.608706 0.888350
2 0.517188 0.354167 0.540625 0.335417 0.557813 0.366667 0.568750 0.370833 0.570312 0.397917 0.598437 0.422917 0.623437 0.404167 0.628125 0.360417 0.642188 0.364583 0.656250 0.377083 0.673438 0.416667 0.685937 0.427083 0.703125 0.460417 0.739062 0.483333 0.765625 0.462500 0.720313 0.347917 0.707812 0.341667 0.710938 0.316667 0.695312 0.314583 0.678125 0.291667 0.662500 0.295833 0.629687 0.283333 0.612500 0.289583 0.607812 0.281250 0.584375 0.291667 0.579688 0.277083 0.532813 0.279167 0.526563 0.285417 0.510938 0.277083 0.471875 0.325000 0.460938 0.329167 0.446875 0.358333 0.517188 0.354167
3 0.723428 0.435764 0.701346 0.404555 0.688537 0.386888 0.667339 0.362743 0.667779 0.354500 0.676172 0.348023 0.677497 0.345667 0.655854 0.349201 0.651439 0.353323 0.647464 0.305625 0.647464 0.307392 0.647464 0.333889 0.639072 0.366867 0.656297 0.390421 0.666014 0.413977 0.681912 0.436941 0.722104 0.466975 0.731378 0.466385 0.723428 0.435764
2 0.542188 0.718750 0.550000 0.720833 0.559375 0.752083 0.578125 0.747917 0.592187 0.764583 0.653125 0.789583 0.660937 0.802083 0.675000 0.787500 0.678125 0.752083 0.693750 0.710417 0.703125 0.704167 0.732812 0.643750 0.734375 0.625000 0.709375 0.627083 0.664062 0.679167 0.635938 0.662500 0.600000 0.660417 0.585938 0.672917 0.564063 0.670833 0.543750 0.685417 0.537500 0.704167 0.542188 0.718750
2 0.709375 0.220833 0.728125 0.218750 0.770312 0.275000 0.778125 0.277083 0.784375 0.316667 0.803125 0.318750 0.785937 0.275000 0.776563 0.275000 0.775000 0.260417 0.726562 0.208333 0.709375 0.212500 0.709375 0.220833
3 0.592698 0.324469 0.565758 0.324469 0.544117 0.320935 0.542792 0.314456 0.544560 0.309159 0.547208 0.299736 0.545885 0.289725 0.541025 0.302680 0.539260 0.313868 0.541025 0.326236 0.550300 0.334479 0.559133 0.340367 0.567083 0.333889 0.579450 0.333302 0.597998 0.338600 0.611248 0.349789 0.616989 0.352733 0.617432 0.350379 0.599766 0.326823 0.592698 0.324469
2 0.682813 0.487500 0.664062 0.527083 0.643750 0.543750 0.631250 0.543750 0.615625 0.560417 0.573438 0.568750 0.545312 0.556250 0.521875 0.533333 0.514062 0.533333 0.515625 0.550000 0.543750 0.610417 0.706250 0.577083 0.734375 0.506250 0.734375 0.485417 0.720313 0.483333 0.721875 0.472917 0.704688 0.472917 0.696875 0.489583 0.682813 0.487500
0 0.103125 0.654167 0.128125 0.725000 0.153125 0.772917 0.225000 0.852083 0.279687 0.885417 0.343750 0.906250 0.448437 0.920833 0.601562 0.920833 0.659375 0.914583 0.709375 0.895833 0.771875 0.847917 0.815625 0.793750 0.843750 0.733333 0.857812 0.677083 0.857812 0.622917 0.845313 0.558333 0.842187 0.447917 0.829688 0.391667 0.793750 0.289583 0.754687 0.233333 0.723437 0.202083 0.675000 0.168750 0.614062 0.145833 0.520312 0.137500 0.428125 0.143750 0.326562 0.168750 0.256250 0.206250 0.210938 0.243750 0.157812 0.316667 0.115625 0.414583 0.093750 0.506250 0.092188 0.566667 0.103125 0.654167
