1 0.397322 0.397320 0.429688 0.318452 0.486607 0.266368 0.536830 0.218750 0.568080 0.154763 0.561385 0.122023 0.551339 0.104167 0.517857 0.084820 0.427455 0.095237 0.387276 0.102680 0.309151 0.153273 0.252232 0.199404 0.205357 0.241070 0.169643 0.303570 0.141740 0.364583 0.129464 0.424107 0.127232 0.450893 0.123885 0.473215 0.171875 0.464285 0.341518 0.416667 0.397322 0.397320
2 0.592187 0.750000 0.592187 0.735417 0.584375 0.733333 0.582812 0.745833 0.592187 0.750000
2 0.681250 0.491667 0.689063 0.485417 0.692187 0.464583 0.684375 0.462500 0.673438 0.472917 0.671875 0.483333 0.681250 0.491667
2 0.718750 0.614583 0.726562 0.608333 0.729688 0.579167 0.720313 0.570833 0.714063 0.583333 0.710938 0.608333 0.718750 0.614583
2 0.600000 0.856250 0.607812 0.856250 0.646875 0.843750 0.679688 0.816667 0.706250 0.762500 0.712500 0.737500 0.703125 0.733333 0.703125 0.708333 0.721875 0.691667 0.731250 0.666667 0.723437 0.647917 0.698438 0.660417 0.687500 0.647917 0.685937 0.618750 0.703125 0.587500 0.707812 0.554167 0.706250 0.535417 0.692187 0.522917 0.667188 0.529167 0.648438 0.558333 0.639062 0.610417 0.639062 0.620833 0.664062 0.645833 0.665625 0.662500 0.673438 0.668750 0.670312 0.693750 0.628125 0.731250 0.598437 0.791667 0.596875 0.845833 0.600000 0.856250
2 0.593750 0.641667 0.609375 0.637500 0.607812 0.610417 0.587500 0.614583 0.584375 0.625000 0.593750 0.641667
2 0.634375 0.552083 0.648438 0.535417 0.650000 0.514583 0.643750 0.510417 0.626563 0.533333 0.626563 0.552083 0.634375 0.552083
2 0.743750 0.718750 0.746875 0.700000 0.754687 0.691667 0.760938 0.662500 0.757812 0.652083 0.751563 0.654167 0.731250 0.697917 0.728125 0.733333 0.743750 0.718750
2 0.479687 0.618750 0.496875 0.631250 0.504687 0.616667 0.509375 0.566667 0.503125 0.558333 0.489063 0.562500 0.492188 0.589583 0.479687 0.618750
2 0.557813 0.902083 0.581250 0.906250 0.607812 0.889583 0.615625 0.875000 0.601562 0.870833 0.553125 0.887500 0.548438 0.893750 0.557813 0.902083
2 0.564063 0.639583 0.573438 0.600000 0.567187 0.591667 0.542188 0.595833 0.531250 0.620833 0.534375 0.639583 0.564063 0.639583
2 0.556250 0.770833 0.571875 0.760417 0.573438 0.750000 0.567187 0.737500 0.551562 0.733333 0.532813 0.739583 0.517188 0.756250 0.515625 0.770833 0.556250 0.770833
2 0.360938 0.845833 0.362500 0.854167 0.373437 0.858333 0.392188 0.858333 0.400000 0.843750 0.395313 0.820833 0.364063 0.797917 0.356250 0.800000 0.357812 0.812500 0.346875 0.833333 0.346875 0.843750 0.360938 0.845833
2 0.539062 0.881250 0.564063 0.858333 0.568750 0.825000 0.557813 0.820833 0.492188 0.847917 0.490625 0.879167 0.539062 0.881250
2 0.434375 0.827083 0.442188 0.845833 0.464062 0.837500 0.484375 0.841667 0.515625 0.816667 0.518750 0.787500 0.495312 0.760417 0.478125 0.764583 0.459375 0.802083 0.434375 0.827083
2 0.368750 0.650000 0.417187 0.650000 0.428125 0.622917 0.426563 0.597917 0.415625 0.572917 0.403125 0.562500 0.381250 0.568750 0.367188 0.597917 0.360938 0.637500 0.368750 0.650000
2 0.443750 0.718750 0.479687 0.745833 0.510938 0.716667 0.520312 0.725000 0.535937 0.718750 0.546875 0.691667 0.518750 0.677083 0.503125 0.683333 0.468750 0.670833 0.445312 0.681250 0.439063 0.700000 0.443750 0.718750
2 0.525000 0.543750 0.535937 0.539583 0.554688 0.506250 0.567187 0.497917 0.581250 0.466667 0.599688 0.456250 0.625000 0.456250 0.635938 0.470833 0.650000 0.443750 0.650000 0.406250 0.604688 0.364583 0.570312 0.377083 0.542188 0.420833 0.534375 0.462500 0.520312 0.485417 0.514062 0.514583 0.525000 0.543750
0 0.140625 0.625000 0.170313 0.697917 0.228125 0.789583 0.278125 0.841667 0.346875 0.887500 0.398438 0.908333 0.470313 0.920833 0.567187 0.910417 0.631250 0.889583 0.682813 0.856250 0.735938 0.806250 0.778125 0.741667 0.806250 0.672917 0.821875 0.618750 0.834375 0.529167 0.829688 0.412500 0.821875 0.366667 0.792188 0.293750 0.767188 0.254167 0.720313 0.195833 0.654687 0.141667 0.606250 0.114583 0.529687 0.093750 0.415625 0.095833 0.379688 0.104167 0.307812 0.145833 0.240625 0.206250 0.209375 0.243750 0.153125 0.333333 0.131250 0.404167 0.123438 0.475000 0.125000 0.552083 0.140625 0.625000
