0 0.439014 0.654988 0.440636 0.663639 0.440420 0.668685 0.442690 0.684833 0.447881 0.709919 0.456423 0.734285 0.458802 0.737457 0.464101 0.751586 0.466263 0.755046 0.467561 0.758507 0.475778 0.771914 0.477400 0.775520 0.484213 0.785900 0.497945 0.803777 0.500541 0.805651 0.501622 0.807526 0.504542 0.810698 0.506596 0.812139 0.508650 0.815023 0.514489 0.819781 0.518923 0.824395 0.520762 0.825548 0.522383 0.827999 0.532980 0.836073 0.544010 0.842272 0.550605 0.845444 0.556012 0.847174 0.558716 0.849048 0.562933 0.850202 0.567474 0.852365 0.571042 0.853086 0.580883 0.857844 0.582721 0.859285 0.588776 0.861159 0.597859 0.862168 0.602185 0.864331 0.605969 0.863177 0.612781 0.867358 0.617106 0.867935 0.622945 0.866638 0.629001 0.866783 0.644140 0.865772 0.647059 0.864620 0.651276 0.864331 0.653871 0.863322 0.658088 0.863034 0.661008 0.862025 0.668469 0.862602 0.671929 0.861736 0.674416 0.859141 0.675173 0.856833 0.678741 0.857987 0.680147 0.856978 0.684905 0.855824 0.683823 0.854527 0.681985 0.853518 0.681769 0.851500 0.682310 0.850634 0.684688 0.848616 0.686959 0.847751 0.692690 0.843858 0.702963 0.835064 0.704801 0.832324 0.706531 0.831026 0.710424 0.825980 0.716371 0.821078 0.718102 0.818483 0.720372 0.817618 0.721021 0.815456 0.723940 0.811275 0.724806 0.807526 0.727400 0.804642 0.741133 0.776096 0.742431 0.771482 0.748162 0.757785 0.749352 0.751730 0.751946 0.744665 0.753244 0.736880 0.755190 0.728661 0.755947 0.720444 0.756704 0.700980 0.756380 0.678056 0.755299 0.664359 0.752812 0.648068 0.751298 0.634083 0.751622 0.630046 0.750541 0.626730 0.748162 0.609285 0.746756 0.604095 0.744701 0.592849 0.738754 0.571078 0.737781 0.567906 0.736268 0.565311 0.733780 0.557237 0.730860 0.551038 0.728049 0.547434 0.716695 0.529411 0.709883 0.520328 0.699395 0.508651 0.687500 0.497549 0.682310 0.491349 0.675281 0.485582 0.668145 0.481113 0.664685 0.477365 0.651276 0.471165 0.644031 0.466840 0.639598 0.465542 0.635597 0.463523 0.623054 0.459919 0.597427 0.456315 0.586181 0.455883 0.582612 0.456460 0.578071 0.456315 0.568015 0.458478 0.557094 0.459919 0.536981 0.466840 0.522383 0.473904 0.520869 0.475490 0.515571 0.478518 0.510813 0.483853 0.501622 0.489331 0.498919 0.493368 0.487781 0.503172 0.486916 0.505190 0.485402 0.511678 0.484321 0.513264 0.478914 0.515138 0.476535 0.517013 0.473399 0.522635 0.471562 0.528979 0.466263 0.536332 0.464966 0.539648 0.461722 0.541954 0.459775 0.544839 0.457721 0.553633 0.454693 0.557237 0.453071 0.560121 0.451557 0.566033 0.449610 0.568915 0.446367 0.578143 0.444637 0.587659 0.443015 0.592128 0.442366 0.595299 0.442366 0.599193 0.443123 0.602220 0.441177 0.605969 0.439771 0.612602 0.439230 0.624279 0.438798 0.626298 0.438041 0.640715 0.439014 0.654988
1 0.566536 0.632993 0.602562 0.575747 0.611938 0.528372 0.603548 0.486918 0.571964 0.473100 0.529523 0.473758 0.500407 0.494156 0.470797 0.525082 0.446615 0.569826 0.446134 0.594889 0.453524 0.633651 0.481160 0.661288 0.510277 0.663262 0.566536 0.632993
0 0.182201 0.471165 0.183607 0.474193 0.185013 0.484573 0.186959 0.494665 0.188365 0.498126 0.188581 0.501730 0.190744 0.505335 0.191825 0.511823 0.193447 0.514850 0.194312 0.518887 0.198205 0.529988 0.200692 0.534746 0.202530 0.540081 0.206747 0.545271 0.209991 0.553922 0.212479 0.555219 0.217452 0.559544 0.219615 0.564014 0.225995 0.571223 0.230860 0.574250 0.232375 0.577999 0.237349 0.581892 0.240160 0.585207 0.244594 0.587514 0.252487 0.595444 0.272491 0.605824 0.275627 0.606690 0.282872 0.610439 0.293253 0.613754 0.299092 0.613898 0.304065 0.615629 0.310445 0.616926 0.314771 0.616638 0.317690 0.617792 0.321150 0.618079 0.323097 0.617358 0.331747 0.616783 0.334234 0.615772 0.342020 0.615340 0.346021 0.614475 0.352617 0.614331 0.366241 0.611880 0.369377 0.610439 0.373378 0.609717 0.380190 0.606833 0.383867 0.604383 0.389922 0.602365 0.394140 0.599914 0.397491 0.597174 0.401601 0.595444 0.418360 0.582324 0.420199 0.581460 0.422794 0.578431 0.428741 0.573096 0.431229 0.569492 0.435121 0.567618 0.442582 0.560698 0.445394 0.556228 0.449719 0.552047 0.453828 0.546857 0.455450 0.543397 0.458262 0.540945 0.459883 0.535035 0.470696 0.518454 0.474697 0.513409 0.477941 0.505190 0.479671 0.498846 0.484429 0.488034 0.485618 0.484141 0.486051 0.480969 0.489836 0.470589 0.489836 0.466408 0.491782 0.456747 0.495675 0.442474 0.497837 0.428922 0.498378 0.416522 0.498270 0.403402 0.497513 0.398645 0.497621 0.386823 0.496973 0.384228 0.496756 0.376586 0.495458 0.372837 0.494918 0.369089 0.489403 0.345299 0.487781 0.339965 0.485835 0.336217 0.484321 0.330883 0.482807 0.328431 0.481401 0.324539 0.476103 0.317186 0.470588 0.306228 0.463127 0.298443 0.459991 0.293974 0.457288 0.292243 0.454044 0.288062 0.453179 0.286187 0.450367 0.284891 0.447124 0.280997 0.443988 0.278979 0.441284 0.275952 0.434147 0.271194 0.432310 0.268742 0.410575 0.256056 0.405709 0.251730 0.402573 0.250000 0.400844 0.246973 0.395978 0.242215 0.393599 0.237889 0.392193 0.236880 0.389057 0.232844 0.386895 0.227509 0.379974 0.221885 0.373162 0.212227 0.370999 0.210064 0.366782 0.207612 0.357375 0.199539 0.351859 0.196223 0.341912 0.193915 0.324719 0.192186 0.314230 0.192906 0.303850 0.196078 0.301579 0.197232 0.293469 0.201990 0.290766 0.205594 0.288387 0.207757 0.283953 0.210064 0.278438 0.216984 0.276348 0.221501 0.273356 0.223904 0.271951 0.226788 0.268274 0.230969 0.266652 0.234430 0.264273 0.236736 0.262003 0.241061 0.261570 0.243656 0.260057 0.247982 0.255623 0.251730 0.250865 0.262398 0.250324 0.265570 0.248811 0.269031 0.247945 0.272348 0.242972 0.285467 0.242215 0.286332 0.241458 0.290225 0.237673 0.294839 0.235294 0.303201 0.233564 0.307382 0.232158 0.313293 0.230536 0.315743 0.229131 0.319060 0.227076 0.321223 0.225778 0.324971 0.223832 0.328576 0.222534 0.333910 0.220913 0.338236 0.216263 0.346885 0.210315 0.355824 0.209019 0.359141 0.202854 0.369810 0.200260 0.376730 0.200151 0.379181 0.199503 0.380479 0.197340 0.382353 0.193988 0.390715 0.188148 0.411621 0.187716 0.414648 0.185229 0.422146 0.181769 0.459919 0.181661 0.467128 0.182201 0.471165
3 0.327098 0.328431 0.328287 0.329874 0.335208 0.335064 0.338451 0.336361 0.343102 0.336937 0.345480 0.336937 0.348724 0.335928 0.349913 0.334919 0.350778 0.331315 0.352833 0.327999 0.353266 0.326125 0.355969 0.324539 0.355104 0.321367 0.355645 0.314734 0.355536 0.310698 0.353807 0.308247 0.347967 0.303056 0.341912 0.300605 0.338344 0.300750 0.336613 0.302047 0.334343 0.305508 0.331640 0.307382 0.328936 0.310698 0.327963 0.313148 0.326557 0.321223 0.326232 0.324827 0.327098 0.328431
3 0.241674 0.508651 0.244701 0.513552 0.248162 0.516436 0.254758 0.516436 0.258759 0.514850 0.261895 0.512398 0.263517 0.509083 0.264382 0.505046 0.263084 0.498559 0.259731 0.494089 0.255515 0.490629 0.248486 0.487745 0.244594 0.487457 0.241241 0.488466 0.240269 0.489331 0.238862 0.491349 0.238322 0.493512 0.238430 0.498414 0.241674 0.508651
0 0.000000 0.329152 0.002055 0.329729 0.005082 0.333621 0.009516 0.336073 0.012110 0.339245 0.014273 0.340109 0.016004 0.341984 0.024438 0.346309 0.025951 0.347607 0.028438 0.347895 0.034710 0.352365 0.042171 0.356258 0.046389 0.359285 0.050822 0.361016 0.053633 0.363034 0.057634 0.363611 0.067690 0.367215 0.071367 0.367215 0.074286 0.368079 0.078179 0.368368 0.081531 0.369954 0.087911 0.370530 0.092020 0.369954 0.095480 0.370819 0.116458 0.369378 0.125433 0.366926 0.130190 0.366206 0.133435 0.364763 0.137327 0.364331 0.140246 0.363177 0.144031 0.363466 0.153871 0.360294 0.157980 0.360005 0.159927 0.359285 0.161440 0.357699 0.163387 0.356690 0.168901 0.355824 0.171389 0.353806 0.178633 0.350634 0.182634 0.347462 0.185554 0.346598 0.192799 0.339965 0.197448 0.338523 0.198962 0.334632 0.199503 0.331603 0.198854 0.330306 0.196475 0.329874 0.195285 0.328576 0.195178 0.327422 0.196150 0.324682 0.196475 0.320935 0.201232 0.319924 0.204801 0.318195 0.213451 0.318483 0.214208 0.317618 0.213451 0.315888 0.211181 0.315167 0.209559 0.313725 0.209343 0.311635 0.210100 0.309689 0.215938 0.307237 0.217885 0.301038 0.220480 0.300173 0.224697 0.296857 0.227076 0.293397 0.227833 0.289216 0.229455 0.284602 0.230860 0.282872 0.233672 0.281142 0.236159 0.276816 0.237457 0.275952 0.260488 0.229095 0.262327 0.228229 0.262976 0.223760 0.264814 0.220299 0.265463 0.217849 0.266328 0.216408 0.268923 0.214965 0.270978 0.211650 0.272924 0.209919 0.273032 0.205738 0.273897 0.203288 0.275951 0.201557 0.276384 0.199827 0.277682 0.189591 0.279736 0.158160 0.279952 0.136966 0.277897 0.122693 0.277141 0.102365 0.275411 0.088523 0.274438 0.085641 0.273897 0.081026 0.272600 0.076268 0.270978 0.074827 0.270329 0.071078 0.268761 0.068699 0.268166 0.066465 0.268490 0.064014 0.267409 0.057958 0.267409 0.053633 0.266004 0.046569 0.263841 0.043397 0.262110 0.034602 0.258759 0.027826 0.256488 0.024654 0.253027 0.015570 0.252812 0.011966 0.251730 0.009228 0.249567 0.008507 0.248486 0.007497 0.245891 0.003893 0.245026 0.001586 0.245026 0.000000 0.000000 0.000000 0.000000 0.329152
3 0.106077 0.171857 0.107807 0.178922 0.109213 0.182671 0.112890 0.187139 0.119594 0.191320 0.125324 0.190023 0.133650 0.187139 0.136138 0.184689 0.139489 0.182526 0.141111 0.178777 0.140571 0.174741 0.141652 0.171424 0.140896 0.164793 0.138732 0.161044 0.139598 0.157872 0.137651 0.155854 0.135813 0.150807 0.134840 0.149798 0.130515 0.149221 0.129217 0.148212 0.127595 0.147924 0.126730 0.146771 0.127379 0.145762 0.127595 0.144031 0.126730 0.143022 0.119215 0.148500 0.116241 0.148212 0.113214 0.148934 0.110402 0.150807 0.109321 0.152826 0.105860 0.164216 0.106293 0.167388 0.106077 0.171857
2 0.629325 0.823096 0.633759 0.823962 0.635381 0.822809 0.636462 0.821078 0.637327 0.814879 0.638192 0.793974 0.637976 0.787053 0.637110 0.785035 0.635381 0.785611 0.633650 0.787197 0.632569 0.797146 0.629325 0.810553 0.627812 0.814158 0.627379 0.817042 0.627271 0.821078 0.629325 0.823096
3 0.568123 0.731546 0.571150 0.733276 0.572557 0.732844 0.574503 0.731978 0.576989 0.729527 0.585315 0.725923 0.589641 0.723328 0.592020 0.720444 0.592885 0.716840 0.591804 0.715542 0.588344 0.715542 0.578720 0.720012 0.569204 0.723616 0.568339 0.724480 0.567474 0.726643 0.567582 0.730536 0.568123 0.731546
1 0.094752 0.097384 0.090311 0.123046 0.107583 0.139495 0.134231 0.103306 0.146075 0.065142 0.143114 0.044086 0.127816 0.026978 0.110544 0.005922 0.095738 0.000658 0.088336 0.005922 0.083895 0.027635 0.083895 0.029609 0.087350 0.060535 0.094752 0.097384
