0 0.791150 0.217655 0.748911 0.207567 0.705425 0.208190 0.653718 0.222923 0.625256 0.241388 0.602861 0.264243 0.587612 0.293535 0.584324 0.321772 0.588974 0.349631 0.606438 0.380428 0.646410 0.409989 0.661605 0.415074 0.723859 0.422754 0.759634 0.420563 0.809810 0.407678 0.849837 0.380270 0.871720 0.350499 0.878353 0.304835 0.872796 0.284766 0.858451 0.261082 0.814906 0.228302 0.791150 0.217655
0 0.472169 0.064720 0.427265 0.066217 0.383383 0.081545 0.344773 0.108078 0.331336 0.121792 0.317957 0.146314 0.316597 0.180592 0.326067 0.223552 0.348067 0.260588 0.392915 0.293467 0.436969 0.310568 0.462710 0.315473 0.522752 0.308250 0.579503 0.284078 0.612727 0.247312 0.627013 0.214999 0.630414 0.185788 0.616294 0.137563 0.589590 0.107046 0.542643 0.080883 0.472169 0.064720
0 0.299875 0.245136 0.242724 0.238826 0.212902 0.246382 0.172024 0.269796 0.126384 0.311513 0.112438 0.340904 0.106997 0.387642 0.120435 0.419115 0.184675 0.466238 0.217672 0.476605 0.277771 0.480193 0.332822 0.470626 0.367918 0.451684 0.407376 0.406550 0.415086 0.385525 0.416617 0.361084 0.402044 0.316754 0.383673 0.293746 0.348804 0.265556 0.299875 0.245136
0 0.671697 0.418788 0.630139 0.425451 0.569871 0.457215 0.548101 0.486012 0.543396 0.515123 0.556664 0.559354 0.578948 0.582659 0.628614 0.608046 0.688146 0.616502 0.747337 0.605285 0.785493 0.582646 0.803125 0.555499 0.808452 0.509735 0.800684 0.474764 0.771031 0.446969 0.723405 0.426648 0.671697 0.418788
0 0.195731 0.472973 0.183937 0.483864 0.138978 0.497146 0.104847 0.519108 0.087556 0.543334 0.085345 0.573617 0.099124 0.602170 0.129230 0.626069 0.184454 0.648933 0.249882 0.651942 0.290703 0.640312 0.319505 0.618925 0.338893 0.587983 0.343201 0.550982 0.329310 0.523404 0.304078 0.502821 0.268927 0.488361 0.195731 0.472973
0 0.680607 0.647362 0.609736 0.645903 0.581217 0.653559 0.557575 0.664531 0.526052 0.686692 0.503375 0.723278 0.502471 0.776254 0.521408 0.816986 0.567333 0.851912 0.587405 0.860314 0.634860 0.870799 0.687588 0.869896 0.737254 0.850097 0.793665 0.806253 0.805288 0.785525 0.808122 0.761183 0.796441 0.725914 0.764349 0.685163 0.723923 0.659497 0.680607 0.647362
0 0.381021 0.644231 0.336797 0.639887 0.299604 0.642952 0.243078 0.665178 0.188085 0.708147 0.168072 0.755741 0.166542 0.780183 0.171759 0.803173 0.186105 0.826856 0.221937 0.858068 0.265085 0.882960 0.337770 0.891433 0.359088 0.889124 0.424403 0.870515 0.468907 0.838535 0.494647 0.798253 0.494361 0.744203 0.480979 0.700946 0.444069 0.667688 0.412941 0.652552 0.381021 0.644231
3 0.311333 0.440505 0.318931 0.443048 0.333332 0.432354 0.332935 0.424466 0.325791 0.418029 0.311446 0.416938 0.301524 0.423060 0.311333 0.440505
3 0.700498 0.397402 0.729073 0.400558 0.735990 0.386349 0.727315 0.381760 0.703729 0.380948 0.699251 0.385520 0.700498 0.397402
3 0.596622 0.182236 0.600251 0.173671 0.589081 0.167910 0.582958 0.175304 0.585112 0.179396 0.596622 0.182236
3 0.409599 0.715166 0.445545 0.722811 0.449626 0.710351 0.439647 0.705663 0.419974 0.705149 0.411697 0.708449 0.409599 0.715166
