0 0.566406 0.498824 0.578906 0.521830 0.633594 0.599216 0.650000 0.615948 0.671875 0.629542 0.698438 0.636863 0.724219 0.633725 0.754687 0.623268 0.781250 0.608627 0.814844 0.573072 0.834375 0.532288 0.841406 0.491503 0.839844 0.460131 0.832031 0.422484 0.814063 0.384837 0.795312 0.361830 0.789844 0.346144 0.765625 0.337778 0.719531 0.281307 0.697656 0.267712 0.677344 0.262484 0.655469 0.262484 0.629687 0.275033 0.596094 0.300131 0.568750 0.340915 0.567187 0.353464 0.557813 0.371242 0.553125 0.398431 0.552344 0.451765 0.566406 0.498824
1 0.636701 0.572720 0.659622 0.584993 0.699861 0.573403 0.724819 0.541357 0.732970 0.512039 0.738063 0.483404 0.737045 0.453404 0.721255 0.436358 0.701389 0.404314 0.673374 0.392723 0.657075 0.381132 0.640267 0.382497 0.616835 0.389314 0.605630 0.400905 0.605120 0.409769 0.630588 0.421358 0.640775 0.432268 0.645869 0.446586 0.646888 0.467041 0.647396 0.484086 0.644850 0.500448 0.641795 0.507267 0.635682 0.512039 0.623457 0.509312 0.611742 0.503858 0.608177 0.499767 0.603592 0.492268 0.597479 0.481358 0.591877 0.479312 0.584236 0.482722 0.582709 0.492949 0.584236 0.505221 0.624985 0.559085 0.636701 0.572720
2 0.588736 0.436258 0.592221 0.448174 0.595704 0.464754 0.596479 0.476671 0.598801 0.487552 0.613510 0.505685 0.627831 0.511384 0.637895 0.507757 0.643701 0.501022 0.645636 0.474080 0.643701 0.455945 0.641378 0.444029 0.633250 0.432112 0.623573 0.424340 0.609639 0.417605 0.599187 0.415532 0.593381 0.416569 0.594155 0.420196 0.590285 0.425895 0.588736 0.436258
2 0.592994 0.459573 0.591833 0.452837 0.590285 0.439884 0.591833 0.431076 0.594543 0.424859 0.596091 0.422786 0.602671 0.415532 0.602284 0.413978 0.597252 0.404133 0.594155 0.403098 0.572092 0.403098 0.563189 0.408797 0.557384 0.422268 0.557384 0.435739 0.566287 0.449728 0.570932 0.455427 0.574803 0.462162 0.587188 0.468380 0.593769 0.468898 0.595317 0.465272 0.592994 0.459573
0 0.191406 0.644183 0.206250 0.673464 0.237500 0.712157 0.261719 0.727843 0.319531 0.741438 0.347656 0.738301 0.378906 0.717386 0.400781 0.688105 0.408594 0.669281 0.428906 0.608627 0.432031 0.584575 0.429688 0.545882 0.422656 0.508235 0.414062 0.484183 0.398438 0.460131 0.405469 0.452810 0.428906 0.460131 0.446875 0.460131 0.489063 0.440261 0.521875 0.406797 0.528125 0.406797 0.532813 0.415163 0.530469 0.403660 0.532813 0.392157 0.569531 0.334641 0.588281 0.269804 0.588281 0.237386 0.581250 0.199739 0.564844 0.154771 0.542969 0.122353 0.523438 0.102484 0.501563 0.089935 0.475781 0.083660 0.453125 0.084706 0.428906 0.095163 0.378906 0.126536 0.353125 0.150588 0.317188 0.198693 0.302344 0.245752 0.300000 0.286536 0.303906 0.317908 0.311719 0.349281 0.330469 0.391111 0.315625 0.406797 0.289844 0.406797 0.262500 0.418301 0.225781 0.453856 0.205469 0.483137 0.192188 0.512418 0.181250 0.550065 0.181250 0.591895 0.191406 0.644183
2 0.207518 0.509754 0.200824 0.542609 0.203056 0.544600 0.213469 0.537631 0.230576 0.522697 0.233551 0.506767 0.229088 0.496810 0.215700 0.487851 0.214213 0.490837 0.207518 0.509754
2 0.761117 0.363569 0.761420 0.376567 0.766275 0.386722 0.776595 0.400535 0.780843 0.407846 0.783878 0.420844 0.784484 0.429375 0.791161 0.431407 0.798142 0.424907 0.801783 0.422063 0.807853 0.419626 0.809674 0.413939 0.809066 0.403783 0.803300 0.386722 0.794499 0.376974 0.791465 0.375349 0.785396 0.367224 0.774773 0.368037 0.770525 0.371286 0.772042 0.359912 0.770525 0.353413 0.769008 0.353413 0.766580 0.355037 0.761117 0.363569
1 0.758689 0.407439 0.767794 0.428970 0.784182 0.445624 0.801783 0.439532 0.812708 0.432220 0.818170 0.418408 0.817867 0.410282 0.809369 0.415563 0.804211 0.424907 0.794499 0.430188 0.786002 0.431000 0.782360 0.422471 0.780236 0.412720 0.775684 0.403783 0.769311 0.394441 0.765973 0.380630 0.763849 0.373318 0.762635 0.367630 0.755351 0.375349 0.751709 0.381035 0.753530 0.380630 0.754138 0.388348 0.758689 0.407439
0 0.414844 0.831373 0.425000 0.858562 0.441406 0.880523 0.456250 0.893072 0.485156 0.906667 0.507812 0.911895 0.542969 0.911895 0.570312 0.905621 0.584375 0.897255 0.612500 0.865882 0.626563 0.836601 0.633594 0.812549 0.633594 0.757124 0.627344 0.730980 0.610156 0.692288 0.578125 0.646275 0.564063 0.633725 0.535937 0.620131 0.489844 0.621176 0.457813 0.636863 0.450000 0.646275 0.442188 0.649412 0.425000 0.675556 0.409375 0.730980 0.407813 0.794771 0.414844 0.831373
1 0.506205 0.701566 0.520536 0.697456 0.522584 0.687178 0.522072 0.680327 0.495456 0.670736 0.483173 0.670736 0.474982 0.682382 0.470377 0.703621 0.469865 0.717324 0.481637 0.726230 0.481125 0.722120 0.491873 0.707047 0.506205 0.701566
1 0.464935 0.741037 0.454885 0.751323 0.450156 0.765170 0.457250 0.789305 0.465525 0.809086 0.479122 0.814626 0.485625 0.808295 0.479122 0.779809 0.476758 0.770710 0.487989 0.764775 0.493605 0.754488 0.494196 0.746971 0.488876 0.737476 0.477053 0.737871 0.464935 0.741037
