3 0.411729 0.390719 0.434108 0.399415 0.463106 0.392766 0.476603 0.372236 0.486282 0.343319 0.512414 0.300775 0.530584 0.281590 0.550477 0.265367 0.588539 0.229962 0.623540 0.203867 0.641452 0.174526 0.644240 0.138020 0.627153 0.134773 0.628176 0.171145 0.611125 0.201967 0.565327 0.245339 0.583250 0.224514 0.560036 0.239891 0.523446 0.272359 0.502815 0.287922 0.484915 0.330040 0.462575 0.355417 0.421064 0.384897 0.418350 0.375375 0.403605 0.379189 0.400905 0.382445 0.411729 0.390719
2 0.424902 0.454431 0.428337 0.508870 0.416702 0.537415 0.414606 0.586901 0.420446 0.593902 0.440383 0.578105 0.456035 0.576185 0.466181 0.590585 0.476006 0.592299 0.493238 0.632529 0.486505 0.651294 0.465939 0.652358 0.468104 0.666695 0.459825 0.675220 0.516666 0.724357 0.535697 0.723690 0.564519 0.692827 0.581363 0.656549 0.586849 0.618954 0.595128 0.610428 0.589242 0.560879 0.593525 0.547004 0.541872 0.468861 0.477358 0.421710 0.447266 0.412470 0.426094 0.420074 0.423036 0.431505 0.429174 0.429918 0.432265 0.450398 0.424902 0.454431
3 0.441012 0.419783 0.449980 0.415758 0.472480 0.425273 0.489216 0.443098 0.514307 0.461315 0.533860 0.472444 0.550209 0.475031 0.572092 0.480447 0.577012 0.483435 0.600994 0.498533 0.617086 0.490961 0.606880 0.486784 0.550814 0.466357 0.522412 0.455811 0.502970 0.432724 0.484521 0.420454 0.470744 0.409535 0.424291 0.414736 0.411634 0.415454 0.416929 0.425160 0.436964 0.426794 0.441012 0.419783
3 0.637493 0.495056 0.647083 0.499391 0.661090 0.494914 0.673858 0.482240 0.689584 0.476467 0.698685 0.481783 0.717624 0.493070 0.731130 0.481056 0.752146 0.480732 0.750543 0.474331 0.735302 0.474866 0.714410 0.476009 0.697689 0.470964 0.683061 0.467078 0.673482 0.475521 0.659971 0.483276 0.632074 0.484527 0.619916 0.492786 0.602232 0.506732 0.576438 0.521924 0.584920 0.523138 0.600521 0.516547 0.616118 0.505695 0.637493 0.495056
3 0.599557 0.763880 0.613580 0.776440 0.607928 0.777051 0.566638 0.782620 0.574143 0.790051 0.590858 0.790837 0.620356 0.791728 0.646039 0.788491 0.643082 0.781589 0.639512 0.774845 0.624754 0.765882 0.609257 0.756259 0.597319 0.740602 0.574185 0.714211 0.572837 0.717966 0.572347 0.718947 0.581094 0.738836 0.599557 0.763880
3 0.789300 0.629596 0.785017 0.647743 0.794513 0.676811 0.806078 0.690009 0.829081 0.707063 0.834370 0.712510 0.826724 0.687224 0.809875 0.677098 0.797694 0.664061 0.812163 0.633055 0.818757 0.592155 0.822406 0.557132 0.825965 0.551099 0.834804 0.541997 0.835408 0.533320 0.829756 0.533928 0.819267 0.494042 0.818157 0.490922 0.809592 0.527217 0.805214 0.570099 0.798249 0.608536 0.789300 0.629596
2 0.366067 0.550514 0.373808 0.612352 0.385476 0.615717 0.382440 0.648422 0.389506 0.652978 0.388304 0.676698 0.404002 0.717324 0.404024 0.738599 0.424304 0.756760 0.428930 0.776844 0.446725 0.767986 0.453801 0.783178 0.547158 0.820741 0.557247 0.781956 0.533258 0.739216 0.505307 0.723039 0.495161 0.708639 0.462607 0.693652 0.450618 0.677602 0.444768 0.659964 0.476062 0.645484 0.484926 0.609143 0.460948 0.577042 0.440691 0.580154 0.435459 0.566612 0.409042 0.550038 0.418214 0.515745 0.407371 0.422789 0.388672 0.446779 0.387768 0.461909 0.360205 0.522238 0.369434 0.541132 0.366067 0.550514
3 0.451684 0.673083 0.429056 0.690366 0.409540 0.695414 0.408238 0.695751 0.444155 0.691874 0.441992 0.698447 0.443672 0.727487 0.445146 0.725302 0.448255 0.713068 0.454240 0.710919 0.476217 0.734105 0.491762 0.747527 0.519118 0.770526 0.543244 0.775112 0.541843 0.762842 0.511771 0.715885 0.491712 0.699422 0.472439 0.691173 0.451684 0.673083
2 0.668802 0.612651 0.686642 0.646340 0.657247 0.715655 0.660659 0.748820 0.674159 0.743201 0.712783 0.692777 0.715532 0.679298 0.743129 0.650880 0.768595 0.640036 0.776554 0.618826 0.765802 0.610967 0.735332 0.535857 0.720274 0.520600 0.719633 0.495230 0.694762 0.488896 0.691682 0.479052 0.680014 0.475686 0.667440 0.487451 0.660719 0.516854 0.666581 0.545129 0.660157 0.565943 0.668802 0.612651
2 0.448704 0.897281 0.443460 0.873102 0.413069 0.872451 0.409989 0.862607 0.360213 0.818027 0.358038 0.793055 0.351900 0.794642 0.352231 0.817964 0.400176 0.871530 0.411226 0.870799 0.413081 0.883087 0.448704 0.897281
3 0.415166 0.601329 0.413152 0.585008 0.416350 0.573353 0.410266 0.562897 0.402359 0.552311 0.392901 0.552353 0.385010 0.556798 0.376430 0.565635 0.384064 0.565464 0.390480 0.560197 0.394033 0.556871 0.399067 0.557374 0.405951 0.585065 0.411281 0.620378 0.414414 0.629193 0.435259 0.647859 0.436905 0.646831 0.433601 0.639867 0.422738 0.624632 0.415166 0.601329
2 0.573198 0.771445 0.619803 0.721086 0.612202 0.501740 0.562140 0.476387 0.549555 0.477513 0.551101 0.487754 0.572616 0.514108 0.587388 0.548591 0.589597 0.605475 0.580413 0.629132 0.582887 0.645516 0.574630 0.675315 0.549187 0.707432 0.553503 0.725467 0.542773 0.738883 0.546174 0.761411 0.553537 0.757379 0.557854 0.775414 0.573198 0.771445
0 0.245617 0.439096 0.259254 0.561120 0.283940 0.682414 0.312876 0.757921 0.347011 0.815059 0.376209 0.850065 0.425367 0.890549 0.507663 0.918204 0.551565 0.923872 0.633508 0.906932 0.683548 0.911012 0.723442 0.900691 0.762089 0.871543 0.801021 0.823168 0.832261 0.755503 0.855186 0.664453 0.859103 0.595344 0.852268 0.518376 0.821971 0.317671 0.790517 0.183230 0.762497 0.103230 0.727127 0.037901 0.692387 0.000000 0.364196 0.000000 0.319490 0.051844 0.276298 0.135368 0.257644 0.201906 0.243936 0.301211 0.245617 0.439096
