0 0.044058 0.287243 0.033308 0.319064 0.036940 0.351522 0.059937 0.389731 0.086420 0.410479 0.118374 0.426573 0.158460 0.437156 0.196369 0.438835 0.233260 0.434596 0.273251 0.420707 0.310142 0.390043 0.315953 0.378556 0.322197 0.331854 0.316969 0.305197 0.296539 0.268081 0.257371 0.238943 0.216218 0.223419 0.154829 0.219723 0.128395 0.224425 0.097701 0.235789 0.056741 0.269209 0.044058 0.287243
0 0.129895 0.616952 0.170903 0.582556 0.190898 0.549187 0.195788 0.529828 0.182280 0.485188 0.146357 0.443472 0.095135 0.419672 0.051077 0.409893 0.011861 0.408156 0.000000 0.410374 0.000000 0.642614 0.025127 0.642654 0.081869 0.634400 0.129895 0.616952
0 0.112370 0.653367 0.107625 0.696221 0.119633 0.718283 0.153522 0.748166 0.212152 0.781102 0.252288 0.790708 0.315033 0.793486 0.356184 0.782585 0.414959 0.733315 0.426676 0.708388 0.427596 0.663408 0.411281 0.622559 0.383733 0.596871 0.320940 0.568646 0.292375 0.563466 0.259647 0.562995 0.201404 0.575098 0.171871 0.589449 0.136480 0.616266 0.112370 0.653367
0 0.320261 0.370917 0.331833 0.401769 0.378116 0.445902 0.417962 0.461368 0.457129 0.464081 0.515323 0.452955 0.545001 0.435674 0.575695 0.397884 0.583152 0.353193 0.564367 0.309299 0.531688 0.281427 0.494311 0.269007 0.432873 0.266287 0.386686 0.273051 0.351489 0.295960 0.327426 0.332086 0.320261 0.370917
0 0.423239 0.724873 0.438537 0.733380 0.459162 0.766591 0.490680 0.791475 0.524135 0.803722 0.564706 0.804539 0.601936 0.793464 0.631905 0.770323 0.658872 0.728454 0.658678 0.679511 0.640523 0.649346 0.610119 0.628425 0.567562 0.614797 0.517889 0.612598 0.481966 0.623730 0.456112 0.643139 0.439071 0.669788 0.423239 0.724873
0 0.624837 0.357976 0.627451 0.410941 0.639506 0.432027 0.655677 0.449382 0.687292 0.472313 0.737593 0.488241 0.808375 0.487460 0.861535 0.472197 0.905204 0.436939 0.915129 0.421720 0.926071 0.385992 0.921472 0.346640 0.891842 0.310095 0.829678 0.269173 0.801259 0.261064 0.768579 0.259617 0.722247 0.269311 0.669910 0.294397 0.638247 0.325293 0.624837 0.357976
0 0.639942 0.581789 0.636988 0.614935 0.643476 0.642625 0.676786 0.684227 0.737690 0.724114 0.802518 0.737750 0.835246 0.738220 0.865601 0.733691 0.896297 0.722327 0.935658 0.694708 0.966110 0.661802 0.971637 0.616374 0.972186 0.605306 0.968289 0.591432 0.939241 0.543168 0.893682 0.510811 0.838247 0.492697 0.766110 0.494397 0.709224 0.505581 0.667199 0.534061 0.648995 0.557722 0.639942 0.581789
3 0.372452 0.639435 0.375357 0.633691 0.360156 0.623231 0.349648 0.623745 0.341515 0.629257 0.340983 0.639999 0.349795 0.647240 0.372452 0.639435
3 0.289858 0.349996 0.292230 0.328570 0.272816 0.323796 0.267247 0.330400 0.267684 0.348036 0.274075 0.351255 0.289858 0.349996
3 0.009295 0.433489 0.000000 0.431518 0.000000 0.443492 0.000920 0.443884 0.006246 0.442162 0.009295 0.433489
3 0.732801 0.558496 0.740693 0.531441 0.723796 0.528736 0.718179 0.536317 0.718761 0.551023 0.723699 0.557114 0.732801 0.558496
