0 0.503718 0.136730 0.468040 0.109680 0.441763 0.097913 0.383587 0.093661 0.349626 0.102791 0.320497 0.116976 0.292111 0.141472 0.268067 0.171169 0.252728 0.206159 0.242269 0.246533 0.235572 0.314344 0.243558 0.375878 0.267993 0.443187 0.291578 0.478483 0.320772 0.508422 0.339403 0.520361 0.373179 0.532678 0.412832 0.534469 0.449732 0.526189 0.489072 0.508376 0.510858 0.491217 0.534071 0.461083 0.553201 0.422280 0.567492 0.367896 0.570771 0.344878 0.570426 0.297098 0.566924 0.266189 0.557865 0.227037 0.545686 0.196259 0.524208 0.161372 0.503718 0.136730
3 0.547486 0.320361 0.544514 0.315787 0.543404 0.311693 0.541508 0.307485 0.541365 0.306509 0.536499 0.297728 0.534412 0.292217 0.530064 0.288719 0.528067 0.285561 0.524351 0.282898 0.521599 0.285052 0.520957 0.285917 0.521189 0.289244 0.520992 0.289641 0.523669 0.306187 0.526492 0.311483 0.531733 0.324572 0.534610 0.328494 0.538856 0.333041 0.540164 0.336737 0.541624 0.339713 0.542796 0.340731 0.544411 0.341283 0.548733 0.339357 0.550908 0.334994 0.550335 0.331083 0.550533 0.330687 0.549382 0.324569 0.548358 0.322826 0.547486 0.320361
1 0.477896 0.236941 0.475139 0.241939 0.473993 0.256994 0.477242 0.278006 0.483043 0.287419 0.496065 0.297257 0.503964 0.297524 0.508214 0.290472 0.507167 0.283241 0.503854 0.276631 0.499497 0.269650 0.495142 0.266557 0.494303 0.265948 0.492697 0.266474 0.490903 0.265487 0.487351 0.262041 0.485799 0.252124 0.482590 0.236170 0.477896 0.236941
1 0.501968 0.347504 0.507337 0.354450 0.515419 0.360072 0.518810 0.359807 0.519903 0.357183 0.519907 0.351320 0.518726 0.345172 0.516975 0.339978 0.514737 0.338357 0.507519 0.332970 0.498892 0.315570 0.498379 0.314550 0.492179 0.313080 0.488669 0.316861 0.484468 0.321428 0.485368 0.327272 0.489800 0.333954 0.501968 0.347504
1 0.461119 0.409206 0.452524 0.409470 0.442351 0.411000 0.440876 0.413417 0.441999 0.417217 0.446933 0.418533 0.454043 0.423235 0.458840 0.428006 0.465412 0.435274 0.471547 0.435641 0.481614 0.436789 0.489781 0.434394 0.505935 0.430407 0.506061 0.433176 0.498719 0.438700 0.497793 0.442743 0.504442 0.443691 0.513093 0.444152 0.516700 0.437437 0.518753 0.429952 0.521085 0.421630 0.530632 0.413328 0.532468 0.409341 0.531424 0.404002 0.527706 0.393248 0.524863 0.391846 0.521021 0.392393 0.517899 0.396211 0.514776 0.399528 0.513097 0.403981 0.514229 0.408830 0.515825 0.412200 0.516290 0.416337 0.510278 0.415489 0.503465 0.413831 0.492871 0.410620 0.484443 0.411015 0.471792 0.407976 0.461119 0.409206
1 0.454219 0.307904 0.458851 0.305006 0.461882 0.301317 0.460601 0.290306 0.456847 0.289430 0.445325 0.291046 0.444294 0.297617 0.448731 0.308585 0.454219 0.307904
1 0.466975 0.310830 0.466065 0.313080 0.466686 0.315065 0.469831 0.319600 0.474424 0.320798 0.477306 0.320526 0.478513 0.316544 0.480062 0.311248 0.480571 0.307006 0.480872 0.304413 0.480104 0.306220 0.476739 0.306813 0.473883 0.306913 0.471057 0.308074 0.469060 0.309600 0.466975 0.310830
1 0.464086 0.462554 0.458936 0.460004 0.456431 0.457146 0.452215 0.458965 0.449407 0.461563 0.448078 0.464811 0.452140 0.473470 0.455974 0.473767 0.456707 0.484435 0.456054 0.488261 0.453276 0.491074 0.451054 0.497669 0.456482 0.509002 0.460217 0.510709 0.469917 0.502594 0.469954 0.497404 0.470603 0.482489 0.472979 0.475154 0.476176 0.473663 0.483585 0.474643 0.486586 0.475393 0.491132 0.475613 0.494222 0.470213 0.495624 0.463233 0.496064 0.454257 0.495751 0.450309 0.494672 0.448707 0.491958 0.452239 0.487371 0.457191 0.483039 0.459889 0.476486 0.461172 0.468564 0.461965 0.464086 0.462554
1 0.254387 0.319952 0.254494 0.323870 0.256286 0.330398 0.260553 0.335256 0.263838 0.337987 0.265450 0.338526 0.268792 0.341017 0.272328 0.342996 0.273140 0.343715 0.282149 0.363328 0.283524 0.372456 0.288988 0.383754 0.295272 0.385311 0.299586 0.383131 0.302275 0.378543 0.302640 0.375281 0.302171 0.366646 0.300800 0.364156 0.296307 0.360752 0.291899 0.355954 0.285532 0.348537 0.280735 0.338028 0.276675 0.328337 0.270829 0.320839 0.263912 0.314763 0.262803 0.313361 0.261535 0.312520 0.260368 0.311759 0.257854 0.313704 0.254899 0.316113 0.254387 0.319952
1 0.316194 0.381817 0.317153 0.382570 0.317804 0.383030 0.320231 0.385794 0.324457 0.392570 0.327256 0.396028 0.329506 0.398289 0.331471 0.400152 0.334888 0.402244 0.340467 0.402926 0.341335 0.400559 0.340904 0.397113 0.339318 0.393050 0.337792 0.390824 0.333114 0.383157 0.328551 0.379596 0.324562 0.378439 0.320879 0.377902 0.320093 0.377548 0.318914 0.378522 0.317821 0.379415 0.316578 0.379763 0.315929 0.381080 0.316194 0.381817
3 0.359937 0.449231 0.360074 0.451909 0.359876 0.452306 0.360162 0.454261 0.360844 0.455422 0.362357 0.457022 0.365493 0.457476 0.366475 0.457191 0.369869 0.454174 0.372188 0.450787 0.374812 0.444257 0.374785 0.438831 0.371894 0.438307 0.366006 0.440009 0.362024 0.442517 0.360490 0.446017 0.360585 0.446669 0.359937 0.449231
