0 0.541425 0.510778 0.519171 0.478620 0.493597 0.456202 0.470533 0.446057 0.429999 0.440643 0.392690 0.443819 0.353500 0.457702 0.321029 0.480100 0.303553 0.497493 0.277115 0.535752 0.256694 0.577541 0.238133 0.650950 0.235403 0.713669 0.247771 0.778046 0.261556 0.814396 0.279728 0.843981 0.306089 0.865715 0.336319 0.881030 0.366417 0.886015 0.400882 0.884569 0.458240 0.862609 0.483318 0.843044 0.516432 0.805635 0.534682 0.775226 0.553046 0.734483 0.562533 0.700607 0.568215 0.659485 0.569081 0.628137 0.565390 0.581226 0.560194 0.559680 0.541425 0.510778
4 0.537985 0.593844 0.536907 0.595202 0.535711 0.598561 0.534725 0.602583 0.530896 0.608335 0.528372 0.613059 0.524278 0.627483 0.521925 0.633535 0.520664 0.650561 0.520893 0.650889 0.520944 0.654220 0.521653 0.654872 0.524568 0.656139 0.528029 0.652394 0.529743 0.648689 0.533763 0.643933 0.535367 0.637896 0.539454 0.627806 0.539514 0.626806 0.541039 0.622104 0.541796 0.617756 0.544358 0.612365 0.545015 0.609683 0.545883 0.607663 0.546510 0.601317 0.546279 0.600989 0.546518 0.596985 0.543992 0.593376 0.539542 0.592809 0.537985 0.593844
2 0.501025 0.676720 0.504760 0.668548 0.507489 0.661059 0.507917 0.653656 0.503104 0.648048 0.495292 0.650724 0.483201 0.664346 0.478242 0.675343 0.476790 0.696919 0.479199 0.711315 0.482356 0.715367 0.487078 0.714687 0.488915 0.698078 0.489619 0.687889 0.492851 0.683426 0.494549 0.681909 0.496186 0.681935 0.496967 0.681080 0.501025 0.676720
2 0.503640 0.612239 0.510349 0.604754 0.512431 0.602481 0.513729 0.596857 0.514382 0.590474 0.513883 0.584731 0.512576 0.582496 0.509192 0.583272 0.501647 0.591252 0.496906 0.599700 0.485978 0.616696 0.482146 0.624594 0.481744 0.630596 0.486299 0.633785 0.490100 0.636415 0.496128 0.633078 0.496550 0.631922 0.503640 0.612239
2 0.503896 0.535876 0.503182 0.540970 0.505224 0.544820 0.508601 0.547113 0.512021 0.549900 0.515879 0.549259 0.518581 0.547017 0.521362 0.535346 0.521949 0.529796 0.519790 0.526452 0.509617 0.521239 0.506601 0.513800 0.503932 0.507096 0.499786 0.501622 0.491242 0.504720 0.484726 0.507683 0.485988 0.511359 0.493737 0.514526 0.493844 0.517276 0.477481 0.518311 0.469178 0.518465 0.459286 0.522669 0.453231 0.524904 0.447322 0.534035 0.442965 0.540174 0.436310 0.546956 0.431525 0.549754 0.430732 0.553819 0.432400 0.555737 0.442621 0.554122 0.451171 0.551754 0.461863 0.549693 0.474158 0.542846 0.482553 0.540656 0.492794 0.534269 0.499412 0.530561 0.505307 0.527891 0.505194 0.532087 0.503896 0.535876
2 0.452876 0.653098 0.447372 0.654107 0.443897 0.666209 0.445474 0.672331 0.457043 0.670389 0.460693 0.668383 0.461035 0.657206 0.457715 0.654520 0.452876 0.653098
2 0.478233 0.641917 0.476249 0.637202 0.474714 0.633670 0.471833 0.634285 0.467378 0.636865 0.464640 0.642269 0.464192 0.644402 0.465283 0.646330 0.467456 0.646896 0.469567 0.647780 0.472468 0.648052 0.475311 0.647276 0.478700 0.646828 0.479614 0.648363 0.479096 0.645917 0.478233 0.641917
2 0.482038 0.496933 0.480844 0.488274 0.478864 0.481865 0.475343 0.477522 0.470851 0.479128 0.467936 0.480781 0.460668 0.484006 0.457372 0.483524 0.454396 0.477067 0.452492 0.462654 0.452017 0.457580 0.441708 0.452598 0.438147 0.455415 0.433718 0.468176 0.436481 0.473956 0.439474 0.475861 0.440443 0.479409 0.440617 0.490083 0.436838 0.491546 0.433539 0.501272 0.435132 0.504046 0.438138 0.505733 0.442472 0.506226 0.444718 0.502661 0.449613 0.498587 0.454104 0.497794 0.462031 0.496148 0.468640 0.495400 0.473167 0.496719 0.478136 0.500167 0.481126 0.502794 0.482062 0.500896 0.482038 0.496933
2 0.275001 0.687389 0.278212 0.676654 0.282085 0.664893 0.287775 0.655680 0.291744 0.649631 0.295914 0.644922 0.297064 0.642063 0.296801 0.633461 0.296162 0.630378 0.293108 0.626706 0.288644 0.625891 0.282540 0.629337 0.278074 0.642076 0.277479 0.651439 0.270197 0.673407 0.269451 0.674359 0.266111 0.677380 0.263006 0.680843 0.261451 0.681863 0.258422 0.685544 0.254600 0.691607 0.253374 0.698550 0.253599 0.702420 0.254428 0.706026 0.257564 0.707480 0.260224 0.708617 0.261315 0.707513 0.262503 0.706302 0.263485 0.704589 0.269835 0.696522 0.275001 0.687389
2 0.322144 0.621309 0.326371 0.616426 0.330364 0.607483 0.331690 0.604835 0.332921 0.600372 0.333057 0.596863 0.331997 0.594811 0.326519 0.597185 0.323306 0.600280 0.321512 0.602706 0.319472 0.605607 0.316986 0.609852 0.313367 0.617781 0.311192 0.621233 0.310585 0.621881 0.309696 0.622913 0.309496 0.623717 0.310250 0.624807 0.311514 0.624769 0.312674 0.625309 0.313925 0.625902 0.314676 0.625315 0.318283 0.623663 0.322144 0.621309
4 0.359428 0.538224 0.356843 0.535615 0.353219 0.533698 0.352222 0.533720 0.349150 0.535122 0.347783 0.537154 0.347206 0.538500 0.347086 0.540502 0.347315 0.540830 0.347407 0.543494 0.348265 0.545807 0.348226 0.546476 0.350043 0.549433 0.354204 0.550672 0.360192 0.550537 0.363015 0.549141 0.362583 0.543819 0.359428 0.538224
