4 0.661361 0.712000 0.686053 0.732457 0.695672 0.766738 0.710501 0.755525 0.697324 0.722948 0.672269 0.704280 0.632383 0.696826 0.586967 0.682189 0.563894 0.676660 0.541550 0.667552 0.505072 0.640561 0.487739 0.618340 0.469318 0.605740 0.440621 0.613471 0.422491 0.632284 0.414902 0.645163 0.418341 0.646892 0.433058 0.643363 0.432798 0.633215 0.479676 0.640693 0.507667 0.653552 0.536423 0.684096 0.559986 0.688659 0.603189 0.701272 0.629083 0.704423 0.606491 0.693674 0.661361 0.712000
3 0.501856 0.303957 0.475771 0.278335 0.440204 0.263486 0.422444 0.271995 0.384250 0.344906 0.394368 0.348855 0.396534 0.363212 0.415826 0.354337 0.427491 0.368542 0.423270 0.414181 0.414699 0.420487 0.409518 0.438730 0.394511 0.444453 0.371521 0.439340 0.368165 0.448646 0.384473 0.493613 0.403503 0.514553 0.416145 0.566776 0.424111 0.566991 0.427207 0.587500 0.421080 0.588969 0.427223 0.598122 0.448975 0.595033 0.474066 0.572014 0.519919 0.497266 0.544899 0.399895 0.536917 0.389059 0.527957 0.340203 0.517839 0.336253 0.501856 0.303957
4 0.565872 0.441344 0.548121 0.466872 0.544448 0.472008 0.525822 0.487535 0.511483 0.497780 0.496667 0.517499 0.478799 0.546457 0.468529 0.571043 0.450524 0.590676 0.441078 0.591238 0.435305 0.586665 0.417286 0.597793 0.415218 0.609350 0.427109 0.603947 0.471498 0.586497 0.481042 0.569745 0.494507 0.549499 0.505747 0.518724 0.528900 0.495303 0.574718 0.449434 0.582925 0.440659 0.565872 0.441344
4 0.677101 0.407868 0.696716 0.398910 0.710939 0.392098 0.710561 0.385382 0.691067 0.395160 0.675110 0.390477 0.660908 0.410048 0.654052 0.419352 0.637860 0.421531 0.622394 0.415880 0.608165 0.418440 0.600571 0.427066 0.577752 0.427434 0.560204 0.424835 0.543889 0.426194 0.536412 0.431389 0.564634 0.433132 0.585007 0.437605 0.598628 0.439447 0.624740 0.427229 0.639465 0.427953 0.650758 0.431202 0.663132 0.420577 0.677101 0.407868
4 0.471616 0.174646 0.456415 0.183395 0.451646 0.193897 0.491376 0.179267 0.496771 0.177124 0.487475 0.195518 0.477707 0.227641 0.475411 0.250314 0.476147 0.250990 0.478482 0.253832 0.492171 0.218217 0.498642 0.197945 0.510150 0.181573 0.521170 0.166167 0.522507 0.158190 0.523230 0.150359 0.498585 0.159671 0.471616 0.174646
4 0.721715 0.215083 0.699354 0.193217 0.706811 0.175263 0.719421 0.157775 0.719134 0.130616 0.715834 0.138214 0.699556 0.165090 0.692713 0.182898 0.692391 0.214457 0.701615 0.229262 0.715993 0.244535 0.733586 0.276904 0.750082 0.314642 0.768530 0.344253 0.768647 0.340823 0.766745 0.298736 0.772139 0.296590 0.769061 0.288819 0.758258 0.284602 0.753221 0.280704 0.739680 0.249917 0.721715 0.215083
3 0.407874 0.364743 0.374782 0.366303 0.375061 0.347109 0.381464 0.326448 0.407160 0.296910 0.412342 0.278667 0.433442 0.250230 0.443172 0.199020 0.422594 0.167826 0.347333 0.247500 0.345214 0.265009 0.326216 0.265314 0.327779 0.286191 0.314336 0.312790 0.320494 0.332566 0.317805 0.377839 0.325804 0.399298 0.320605 0.406919 0.332906 0.435848 0.323113 0.444572 0.333931 0.505732 0.339763 0.512835 0.336731 0.534813 0.379695 0.577641 0.384926 0.591262 0.409153 0.604579 0.392162 0.513022 0.373735 0.485562 0.393305 0.457493 0.394201 0.442402 0.413803 0.435578 0.426610 0.394254 0.407874 0.364743
4 0.354159 0.304096 0.361044 0.331882 0.364949 0.336951 0.330671 0.350577 0.331970 0.350264 0.351450 0.345594 0.377356 0.350797 0.391260 0.324035 0.406653 0.307129 0.420387 0.282212 0.434505 0.224164 0.432234 0.212094 0.411298 0.227926 0.392728 0.262414 0.382276 0.282339 0.368726 0.314421 0.362578 0.315294 0.356154 0.305421 0.354159 0.304096
3 0.692979 0.245382 0.679473 0.229493 0.652816 0.231635 0.619090 0.218470 0.612638 0.207266 0.562342 0.178948 0.548248 0.180202 0.554731 0.212650 0.601996 0.262947 0.595314 0.302801 0.600901 0.350340 0.612877 0.366595 0.615678 0.395676 0.630423 0.419767 0.645445 0.424667 0.655237 0.415943 0.655222 0.405320 0.676339 0.387507 0.669562 0.363630 0.679028 0.342233 0.685337 0.257840 0.692979 0.245382
3 0.280729 0.174214 0.282585 0.186520 0.272174 0.191141 0.243479 0.263901 0.249946 0.285727 0.256072 0.284258 0.250827 0.260013 0.283823 0.194723 0.283808 0.184100 0.311669 0.168919 0.309487 0.143941 0.280729 0.174214
4 0.339104 0.486712 0.349589 0.490807 0.358165 0.491154 0.366906 0.486656 0.371130 0.473029 0.373709 0.460397 0.367372 0.451103 0.364490 0.434973 0.364711 0.409693 0.370312 0.390328 0.371340 0.382275 0.369521 0.382109 0.355703 0.409449 0.355372 0.419141 0.360709 0.454503 0.362397 0.483531 0.357897 0.486413 0.353652 0.485026 0.346200 0.483211 0.339104 0.486712
3 0.535155 0.440484 0.522950 0.475288 0.524498 0.485543 0.536440 0.480553 0.575286 0.432987 0.518593 0.225565 0.460947 0.201133 0.445632 0.204805 0.446886 0.223632 0.438918 0.223417 0.442322 0.245977 0.456123 0.253293 0.457377 0.272120 0.490190 0.289754 0.506467 0.313478 0.508943 0.329885 0.524291 0.347457 0.538773 0.401363 0.535155 0.440484
1 0.822371 0.503379 0.792040 0.302387 0.775994 0.227603 0.752306 0.165277 0.704699 0.091686 0.656212 0.043807 0.606225 0.017539 0.574208 0.011342 0.553969 0.010943 0.522266 0.018544 0.477263 0.046336 0.396708 0.069900 0.357831 0.096223 0.289901 0.161388 0.256286 0.222577 0.239503 0.269104 0.224592 0.338559 0.219815 0.422585 0.232259 0.547111 0.255114 0.667014 0.293610 0.795919 0.335106 0.881603 0.371650 0.934470 0.435779 0.991349 0.454013 1.000000 0.585831 1.000000 0.735960 0.964004 0.741850 0.958341 0.772124 0.917081 0.816088 0.808783 0.829761 0.731124 0.832387 0.643363 0.822371 0.503379
