2 0.416350 0.183039 0.476287 0.209680 0.520760 0.217413 0.545250 0.211398 0.551050 0.202805 0.549761 0.166712 0.531716 0.135775 0.510447 0.123743 0.485956 0.115152 0.447286 0.108277 0.398303 0.108277 0.365433 0.112573 0.350609 0.120309 0.382190 0.160695 0.416350 0.183039
4 0.126562 0.400000 0.112500 0.408333 0.109375 0.416667 0.126562 0.400000
4 0.456250 0.562500 0.445312 0.554167 0.445312 0.566667 0.456250 0.562500
4 0.173437 0.441667 0.182812 0.433333 0.178125 0.416667 0.167187 0.416667 0.173437 0.441667
4 0.134375 0.691667 0.139063 0.675000 0.132812 0.664583 0.121875 0.666667 0.121875 0.679167 0.134375 0.691667
4 0.231250 0.443750 0.259375 0.472917 0.254688 0.422917 0.234375 0.375000 0.195312 0.314583 0.192188 0.327083 0.231250 0.443750
4 0.337500 0.852083 0.346875 0.852083 0.356250 0.847917 0.360938 0.841667 0.360938 0.837500 0.359375 0.835417 0.350000 0.835417 0.337500 0.843750 0.335938 0.847917 0.337500 0.852083
4 0.342187 0.714583 0.343750 0.716667 0.346875 0.718750 0.359375 0.718750 0.360938 0.716667 0.365625 0.716667 0.368750 0.714583 0.376563 0.702083 0.376563 0.700000 0.364063 0.700000 0.362500 0.702083 0.350000 0.702083 0.346875 0.704167 0.342187 0.710417 0.342187 0.714583
2 0.523463 0.747118 0.517236 0.760529 0.527771 0.774577 0.555070 0.780962 0.581891 0.771383 0.593385 0.756059 0.604400 0.749673 0.626909 0.731794 0.637445 0.722215 0.652771 0.698587 0.659477 0.662829 0.657081 0.644310 0.623557 0.653250 0.601047 0.678154 0.577102 0.695396 0.556029 0.703695 0.550761 0.701781 0.525378 0.740733 0.523463 0.747118
1 0.068750 0.631250 0.085938 0.689583 0.115625 0.747917 0.168750 0.816667 0.212500 0.852083 0.282813 0.885417 0.337500 0.900000 0.462500 0.891667 0.514062 0.872917 0.568750 0.833333 0.604688 0.789583 0.643750 0.716667 0.690625 0.572917 0.701562 0.500000 0.695312 0.431250 0.665625 0.314583 0.648438 0.264583 0.612500 0.200000 0.581250 0.162500 0.535937 0.131250 0.423438 0.108333 0.303125 0.116667 0.251563 0.139583 0.181250 0.195833 0.142187 0.245833 0.112500 0.300000 0.079687 0.387500 0.064062 0.460417 0.059375 0.552083 0.068750 0.631250
